ID,Title,URL,Is Premium,Acceptance %,Difficulty,Frequency %
149,Max Points on a Line,/problems/max-points-on-a-line,N,21.8%,Hard,26.46%
297,Serialize and Deserialize Binary Tree,/problems/serialize-and-deserialize-binary-tree,N,55.0%,Hard,4.33%
552,Student Attendance Record II,/problems/student-attendance-record-ii,N,41.2%,Hard,100.00%
827,Making A Large Island,/problems/making-a-large-island,N,44.7%,Hard,18.34%
975,Odd Even Jump,/problems/odd-even-jump,N,38.8%,Hard,63.23%
